Trips:  723
Optimize a model with 1447 rows, 244873 columns and 731727 nonzeros
Coefficient statistics:
  Matrix range    [1e+00, 1e+00]
  Objective range [1e+00, 3e+01]
  Bounds range    [1e+00, 1e+00]
  RHS range       [1e+00, 7e+02]
Presolve removed 35 rows and 3675 columns
Presolve time: 3.51s
Presolved: 1412 rows, 241198 columns, 721386 nonzeros
Variable types: 0 continuous, 241198 integer (241198 binary)

Root simplex log...

Iteration    Objective       Primal Inf.    Dual Inf.      Time
    1567    3.0800012e+02   1.159000e+03   0.000000e+00      5s
    4811    7.2800000e+02   0.000000e+00   0.000000e+00      6s

Root relaxation: objective 7.280000e+02, 4811 iterations, 0.85 seconds

    Nodes    |    Current Node    |     Objective Bounds      |     Work
 Expl Unexpl |  Obj  Depth IntInf | Incumbent    BestBd   Gap | It/Node Time

*    0     0               0     728.0000000  728.00000  0.00%     -    5s

Explored 0 nodes (4811 simplex iterations) in 6.43 seconds
Thread count was 8 (of 8 available processors)

Optimal solution found (tolerance 1.00e-04)
Best objective 7.280000000000e+02, best bound 7.280000000000e+02, gap 0.0%
Tur	Zac	Kon	Prist	Odst	Prej
1	04:20	17:54	25	0	13
2	04:27	23:03	0	3	3
3	04:47	23:02	0	3	0
4	05:17	19:17	0	0	6
5	05:37	15:39	0	0	13
6	04:25	21:42	0	0	26
7	04:50	18:32	0	0	30
8	05:14	19:47	0	0	6
9	05:29	22:14	0	0	9
10	05:44	23:28	0	3	5
11	05:26	17:47	4	0	21
12	04:51	22:43	9	9	0
13	05:32	18:47	3	0	19
14	04:37	23:24	0	25	25
15	05:29	17:12	0	0	26
16	05:13	22:39	0	12	34
17	05:30	17:39	3	0	10
18	05:43	18:32	0	0	1
19	04:40	20:17	3	0	16
20	04:21	22:30	3	0	21
21	04:42	21:47	3	0	32
22	05:08	18:39	15	0	8
23	05:02	22:33	3	5	8
24	05:11	22:34	9	9	8
25	05:02	22:57	0	0	9
26	05:17	17:02	0	0	17
27	05:32	22:50	0	0	6
28	04:32	23:35	3	3	8
29	05:02	23:21	3	0	0
30	05:07	18:17	3	0	12
31	05:06	19:39	14	0	21
32	04:23	20:44	0	0	25
33	04:39	18:02	12	0	26
34	04:43	22:39	0	0	5
35	04:58	19:02	0	0	0
36	05:07	22:46	3	11	29
37	04:26	20:39	3	0	3
38	04:46	18:17	3	0	3
39	05:06	23:02	3	14	0
			127	97	504

Porusenie BP v turnuse  1  v case od  13:27  do  17:57 , jazda =  246 !
Porusenie BP v turnuse  1  v case od  13:24  do  17:54 , jazda =  246 !
27	25	59	13:27	70	14:00	0	0	5
27	28	70	14:05	59	14:38	0	0	21
7	51	59	14:59	39	15:25	0	0	4
7	52	39	15:29	59	15:54	0	0	0
12	17	59	15:54	24	16:21	0	0	5
12	18	24	16:26	56	16:50	0	2	7
12	19	18	16:59	24	17:21	0	0	5
12	20	24	17:26	59	17:54	0	0	0

Porusenie BP v turnuse  24  v case od  09:53  do  14:23 , jazda =  250 !
Porusenie BP v turnuse  24  v case od  12:40  do  17:10 , jazda =  270 !
Porusenie BP v turnuse  24  v case od  12:40  do  17:10 , jazda =  270 !
11	18	91	09:53	31	10:20	0	0	5
10	47	31	10:25	91	10:45	0	0	5
10	48	91	10:50	31	11:10	0	0	5
11	21	31	11:15	91	11:45	0	0	8
11	22	91	11:53	31	12:20	0	0	20
10	65	31	12:40	91	13:00	0	0	5
10	66	91	13:05	31	13:25	0	0	4
43	35	31	13:29	64	13:49	0	0	4
43	36	64	13:53	31	14:13	0	0	2
11	31	31	14:15	91	14:45	0	0	8

10	65	31	12:40	91	13:00	0	0	5
10	66	91	13:05	31	13:25	0	0	4
43	35	31	13:29	64	13:49	0	0	4
43	36	64	13:53	31	14:13	0	0	2
11	31	31	14:15	91	14:45	0	0	8
11	32	91	14:53	31	15:20	0	0	9
43	43	31	15:29	64	15:49	0	0	4
43	44	64	15:53	31	16:13	0	0	2
11	37	31	16:15	91	16:45	0	0	5
10	96	91	16:50	31	17:10	0	0	60

Porusenie BP v turnuse  34  v case od  08:15  do  12:45 , jazda =  270 !
Porusenie BP v turnuse  34  v case od  09:15  do  13:45 , jazda =  270 !
Porusenie BP v turnuse  34  v case od  09:47  do  14:17 , jazda =  258 !
Porusenie BP v turnuse  34  v case od  11:08  do  15:38 , jazda =  248 !
11	15	31	08:15	91	08:45	0	0	8
11	16	91	08:53	31	09:20	0	0	5
10	39	31	09:25	91	09:45	0	0	5
10	40	91	09:50	31	10:10	0	0	5
11	19	31	10:15	91	10:45	0	0	8
11	20	91	10:53	31	11:20	0	0	5
10	55	31	11:25	91	11:45	0	0	5
10	56	91	11:50	31	12:10	0	0	5
11	23	31	12:15	91	12:45	0	0	8

11	16	91	08:53	31	09:20	0	0	5
10	39	31	09:25	91	09:45	0	0	5
10	40	91	09:50	31	10:10	0	0	5
11	19	31	10:15	91	10:45	0	0	8
11	20	91	10:53	31	11:20	0	0	5
10	55	31	11:25	91	11:45	0	0	5
10	56	91	11:50	31	12:10	0	0	5
11	23	31	12:15	91	12:45	0	0	8
11	24	91	12:53	31	13:20	0	0	5
10	71	31	13:25	91	13:45	0	0	12

10	40	91	09:50	31	10:10	0	0	5
11	19	31	10:15	91	10:45	0	0	8
11	20	91	10:53	31	11:20	0	0	5
10	55	31	11:25	91	11:45	0	0	5
10	56	91	11:50	31	12:10	0	0	5
11	23	31	12:15	91	12:45	0	0	8
11	24	91	12:53	31	13:20	0	0	5
10	71	31	13:25	91	13:45	0	0	12
70	52	91	13:57	59	14:17	0	0	10

11	20	91	10:53	31	11:20	0	0	5
10	55	31	11:25	91	11:45	0	0	5
10	56	91	11:50	31	12:10	0	0	5
11	23	31	12:15	91	12:45	0	0	8
11	24	91	12:53	31	13:20	0	0	5
10	71	31	13:25	91	13:45	0	0	12
70	52	91	13:57	59	14:17	0	0	10
27	29	59	14:27	70	15:00	0	0	5
27	32	70	15:05	59	15:38	0	0	19


Turnus:  1
27	2	70	04:45	59	05:18	25	9	8
52	2	29	05:35	69	05:54	0	0	21
52	5	69	06:15	29	06:30	0	0	5
52	6	29	06:35	69	06:51	0	0	24
52	9	69	07:15	29	07:30	0	0	5
52	10	29	07:35	56	07:45	0	2	81
30	41	18	09:08	10	09:26	0	0	45
30	46	10	10:11	59	10:32	0	0	101
30	55	59	12:13	10	12:36	0	0	5
30	56	10	12:41	59	13:02	0	0	25
27	25	59	13:27	70	14:00	0	0	5
27	28	70	14:05	59	14:38	0	0	21
7	51	59	14:59	39	15:25	0	0	4
7	52	39	15:29	59	15:54	0	0	0
12	17	59	15:54	24	16:21	0	0	5
12	18	24	16:26	56	16:50	0	2	7
12	19	18	16:59	24	17:21	0	0	5
12	20	24	17:26	59	17:54	0	0	0

Turnus:  2
27	3	59	04:27	70	05:00	0	0	5
27	4	70	05:05	59	05:38	0	3	8
43	9	31	05:49	64	06:09	0	0	44
43	14	64	06:53	31	07:13	0	0	2
11	13	31	07:15	91	07:45	0	0	5
10	24	91	07:50	31	08:10	0	0	45
10	35	31	08:55	91	09:15	0	0	12
70	32	91	09:27	59	09:47	0	0	56
30	49	59	10:43	10	11:06	0	0	5
30	50	10	11:11	59	11:32	0	0	162
7	45	59	14:14	39	14:46	0	0	4
7	46	39	14:50	59	15:15	0	0	17
70	67	59	15:32	91	15:52	0	0	1
11	36	91	15:53	31	16:20	0	0	55
11	39	31	17:15	91	17:45	0	0	5
10	104	91	17:50	31	18:10	0	0	120
10	125	31	20:10	91	20:30	0	0	5
10	126	91	20:35	31	20:55	0	0	35
11	47	31	21:30	91	22:00	0	0	40
10	142	91	22:40	31	23:00	0	3	0

Turnus:  3
27	5	59	04:47	70	05:20	0	0	5
27	6	70	05:25	59	05:58	0	0	19
27	11	59	06:17	70	06:50	0	0	5
27	12	70	06:55	59	07:28	0	0	0
30	31	59	07:28	10	07:51	0	0	20
30	34	10	08:11	59	08:32	0	0	296
30	61	59	13:28	10	13:51	0	0	5
30	62	10	13:56	59	14:17	0	0	15
70	59	59	14:32	91	14:52	0	0	5
70	60	91	14:57	59	15:17	0	0	45
70	71	59	16:02	91	16:27	0	0	8
10	94	91	16:35	31	16:55	0	0	15
10	101	31	17:10	91	17:30	0	0	83
11	42	91	18:53	31	19:20	0	0	80
10	129	31	20:40	91	21:00	0	0	0
11	46	91	21:00	31	21:27	0	0	48
43	59	31	22:15	64	22:35	0	0	4
43	60	64	22:39	31	22:59	0	3	0

Turnus:  4
27	7	59	05:17	70	05:50	0	0	5
27	8	70	05:55	59	06:28	0	0	1
7	15	59	06:29	39	06:55	0	0	14
7	104	39	07:09	59	07:34	0	0	9
30	33	59	07:43	10	08:06	0	0	25
30	36	10	08:31	56	08:47	0	2	172
34	7	18	11:41	56	12:11	0	2	28
34	9	18	12:41	56	13:11	0	2	19
70	51	59	13:32	91	13:52	0	0	48
10	78	91	14:40	31	15:00	0	0	70
10	93	31	16:10	91	16:30	0	0	12
70	74	91	16:42	59	17:02	0	0	56
30	99	59	17:58	10	18:21	0	0	35
30	104	10	18:56	59	19:17	0	0	0

Turnus:  5
27	9	59	05:37	70	06:10	0	0	5
27	10	70	06:15	59	06:52	0	0	1
30	23	59	06:53	10	07:16	0	0	9
3	8	10	07:25	107	07:40	0	13	9
7	24	85	08:02	59	08:24	0	0	59
30	43	59	09:23	10	09:46	0	0	5
30	44	10	09:51	59	10:12	0	0	1
30	47	59	10:13	10	10:36	0	0	95
30	54	10	12:11	59	12:32	0	0	72
7	41	59	13:44	39	14:10	0	0	4
7	42	39	14:14	59	14:39	0	0	5
7	49	59	14:44	39	15:10	0	0	4
7	50	39	15:14	59	15:39	0	0	0

Turnus:  6
7	1	59	04:25	89	04:48	0	1	4
7	2	85	04:53	59	05:15	0	4	13
9	17	109	05:32	103	05:46	0	11	22
7	102	39	06:19	59	06:44	0	3	3
52	7	18	06:50	29	07:00	0	0	27
3	4	29	07:27	107	07:40	0	0	380
3	5	107	14:00	10	14:15	0	0	26
30	68	10	14:41	59	15:02	0	0	56
30	83	59	15:58	10	16:21	0	0	35
30	88	10	16:56	56	17:12	0	2	27
34	25	18	17:41	56	18:11	0	2	28
34	27	18	18:41	56	19:11	0	2	96
7	67	59	20:49	89	21:12	0	1	4
7	68	85	21:17	59	21:42	0	0	0

Turnus:  7
7	3	59	04:50	39	05:16	0	0	4
7	4	39	05:20	59	05:48	0	3	1
70	7	18	05:52	91	06:07	0	0	5
70	8	91	06:12	59	06:32	0	0	11
30	19	59	06:43	10	07:06	0	0	5
30	20	10	07:11	59	07:32	0	0	2
7	23	59	07:34	89	07:57	0	1	19
7	26	85	08:17	59	08:39	0	0	68
27	19	59	09:47	70	10:20	0	0	9
27	22	70	10:29	59	11:02	0	0	45
27	21	59	11:47	70	12:20	0	0	9
27	24	70	12:29	59	13:02	0	0	11
30	59	59	13:13	10	13:36	0	0	5
30	60	10	13:41	59	14:02	0	0	9
30	67	59	14:11	10	14:36	0	11	16
30	73	18	15:03	10	15:21	0	11	9
34	21	18	15:41	56	16:11	0	2	25
35	23	18	16:38	56	17:07	0	2	34
30	97	59	17:43	10	18:06	0	0	5
30	98	10	18:11	59	18:32	0	0	0

Turnus:  8
7	5	59	05:14	39	05:40	0	0	4
7	6	39	05:44	59	06:09	0	0	8
70	11	59	06:17	91	06:37	0	0	5
70	12	91	06:42	59	07:02	0	0	15
27	15	59	07:17	70	07:50	0	0	5
27	18	70	07:55	59	08:28	0	0	31
7	29	59	08:59	39	09:25	0	0	4
7	30	39	09:29	59	09:54	0	0	8
70	35	59	10:02	91	10:22	0	0	5
70	36	91	10:27	59	10:47	0	0	140
13	13	59	13:07	43	13:36	0	0	5
13	14	43	13:41	56	14:08	0	2	1
34	15	18	14:11	56	14:41	0	2	28
34	19	18	15:11	56	15:41	0	2	1
7	57	59	15:44	39	16:10	0	0	4
7	58	39	16:14	59	16:39	0	0	143
70	85	59	19:02	91	19:22	0	0	5
70	86	91	19:27	59	19:47	0	0	0

Turnus:  9
7	7	59	05:29	39	05:55	0	0	4
7	8	39	05:59	59	06:24	0	3	15
13	5	18	06:42	43	07:06	0	0	5
13	6	43	07:11	56	07:38	0	2	2
13	7	18	07:42	43	08:06	0	0	5
13	8	43	08:11	59	08:42	0	0	51
12	9	59	09:33	24	10:00	0	0	5
12	10	24	10:05	56	10:29	0	2	187
35	13	18	13:38	56	14:07	0	2	24
30	69	18	14:33	10	14:51	0	0	20
30	72	10	15:11	93	15:34	0	0	7
30	79	93	15:41	10	16:06	0	0	20
30	84	10	16:26	59	16:47	0	0	15
70	77	59	17:02	91	17:22	0	0	5
70	78	91	17:27	59	17:47	0	0	180
27	41	59	20:47	70	21:29	0	0	4
27	44	70	21:33	59	22:14	0	0	0

Turnus:  10
7	9	59	05:44	39	06:10	0	0	4
7	10	39	06:14	59	06:42	0	3	7
70	15	18	06:52	91	07:07	0	0	3
3	9	91	07:10	91	07:30	0	0	5
10	22	91	07:35	31	07:55	0	2	98
70	33	81	09:35	91	09:52	0	0	13
10	42	91	10:05	31	10:25	0	0	124
43	31	31	12:29	64	12:49	0	0	4
43	32	64	12:53	31	13:13	0	0	5
9	19	31	13:18	103	13:41	0	0	39
9	20	103	14:20	31	14:40	0	0	15
10	83	31	14:55	91	15:15	0	0	5
10	84	91	15:20	31	15:40	0	0	45
10	95	31	16:25	91	16:45	0	0	8
11	38	91	16:53	31	17:20	0	0	35
10	107	31	17:55	91	18:15	0	0	5
10	108	91	18:20	31	18:40	0	0	150
10	133	31	21:10	91	21:30	0	0	35
11	48	91	22:05	31	22:32	0	0	8
10	145	31	22:40	91	23:00	0	0	5
10	146	91	23:05	31	23:25	0	3	0

Turnus:  11
1	18	11	05:30	102	05:45	4	17	11
43	10	64	06:13	31	06:33	0	0	12
11	11	31	06:45	91	07:15	0	0	5
10	20	91	07:20	31	07:40	0	0	0
10	25	31	07:40	91	08:00	0	0	5
10	26	91	08:05	31	08:25	0	0	50
11	17	31	09:15	91	09:45	0	0	12
70	34	91	09:57	59	10:17	0	0	146
30	57	59	12:43	10	13:06	0	0	5
30	58	10	13:11	59	13:32	0	0	38
13	15	59	14:10	43	14:47	0	0	5
13	16	43	14:52	56	15:19	0	2	12
30	77	18	15:33	10	15:51	0	0	15
30	80	10	16:06	56	16:22	0	2	9
30	87	18	16:33	10	16:51	0	0	35
30	92	10	17:26	59	17:47	0	0	0

Turnus:  12
62	1	5	05:00	5	05:34	9	0	16
62	5	5	05:50	5	06:24	0	0	26
62	9	5	06:50	5	07:24	0	0	6
62	11	5	07:30	5	08:04	0	0	26
62	15	5	08:30	5	09:04	0	0	26
62	17	5	09:30	5	10:04	0	0	26
62	19	5	10:30	5	11:24	0	0	6
62	21	5	11:30	5	12:04	0	0	26
62	23	5	12:30	5	13:04	0	0	26
62	25	5	13:30	5	14:04	0	0	26
62	27	5	14:30	5	15:04	0	0	26
62	29	5	15:30	5	16:04	0	0	26
62	31	5	16:30	5	17:04	0	0	26
62	33	5	17:30	5	18:04	0	0	56
62	35	5	19:00	5	19:34	0	0	56
62	37	5	20:30	5	21:04	0	0	56
62	39	5	22:00	5	22:34	0	9	0

Turnus:  13
52	3	18	05:35	44	05:50	3	0	15
52	4	44	06:05	56	06:23	0	13	11
7	14	85	06:47	59	07:09	0	0	4
30	29	59	07:13	10	07:36	0	0	20
30	32	10	07:56	59	08:17	0	0	40
13	9	59	08:57	43	09:26	0	0	5
13	10	43	09:31	56	09:58	0	2	41
34	5	18	10:41	56	11:11	0	2	118
34	11	18	13:11	56	13:41	0	2	7
2	7	59	13:50	26	14:07	0	0	8
2	8	26	14:15	31	14:30	0	0	10
10	81	31	14:40	91	15:00	0	0	27
70	64	91	15:27	59	15:47	0	0	1
30	81	59	15:48	10	16:11	0	0	5
30	82	10	16:16	59	16:37	0	0	21
30	91	59	16:58	10	17:21	0	0	65
30	100	10	18:26	59	18:47	0	0	0

Turnus:  14
13	1	59	04:37	43	05:06	0	0	5
13	2	43	05:11	56	05:42	0	10	29
30	12	10	06:21	59	06:42	0	0	7
7	17	59	06:49	89	07:12	0	1	4
7	18	85	07:17	59	07:39	0	0	10
7	25	59	07:49	89	08:12	0	2	45
7	106	39	08:59	59	09:24	0	0	68
70	37	59	10:32	91	10:52	0	0	13
10	50	91	11:05	31	11:25	0	0	30
10	59	31	11:55	91	12:15	0	0	12
70	44	91	12:27	59	12:47	0	0	51
12	13	59	13:38	24	14:05	0	0	5
12	14	24	14:10	56	14:34	0	6	35
52	25	69	15:15	29	15:30	0	0	65
52	28	29	16:35	56	16:45	0	2	51
35	25	18	17:38	56	18:07	0	2	19
30	103	59	18:28	10	18:51	0	0	95
30	108	10	20:26	56	20:42	0	2	93
27	43	59	22:17	70	22:59	0	25	0

Turnus:  15
13	3	59	05:29	43	06:06	0	0	5
13	4	43	06:11	56	06:38	0	23	9
27	14	70	07:10	59	07:43	0	0	4
70	23	59	07:47	91	08:07	0	0	13
10	28	91	08:20	31	08:40	0	0	150
10	53	31	11:10	91	11:30	0	0	27
70	42	91	11:57	59	12:17	0	0	77
7	39	59	13:34	89	13:57	0	1	4
7	40	85	14:02	59	14:24	0	0	43
13	17	59	15:07	43	15:36	0	0	5
13	18	43	15:41	56	16:08	0	2	2
13	19	18	16:12	43	16:36	0	0	5
13	20	43	16:41	59	17:12	0	0	0

Turnus:  16
30	7	59	05:13	10	05:36	0	0	5
30	8	10	05:41	56	05:57	0	10	29
30	16	10	06:36	59	06:57	0	0	2
7	19	59	06:59	39	07:25	0	0	4
7	20	39	07:29	59	07:54	0	0	23
27	17	59	08:17	70	08:50	0	0	10
27	20	70	09:00	59	09:33	0	0	179
70	45	59	12:32	91	12:52	0	11	2
27	102	70	13:05	59	13:42	0	0	16
30	65	59	13:58	10	14:21	0	0	5
30	66	10	14:26	56	14:42	0	2	24
35	19	18	15:08	56	15:37	0	2	62
34	23	18	16:41	56	17:11	0	2	139
70	87	59	19:32	91	19:52	0	0	13
10	122	91	20:05	31	20:25	0	0	0
11	45	31	20:25	91	20:55	0	0	10
10	130	91	21:05	31	21:25	0	7	38
1	7	102	22:10	10	22:27	0	12	0

Turnus:  17
30	9	18	05:33	10	05:51	3	0	37
30	14	10	06:28	93	06:50	0	0	11
30	27	93	07:01	10	07:26	0	0	5
30	28	10	07:31	56	07:47	0	2	112
34	3	18	09:41	56	10:11	0	2	55
35	7	18	11:08	56	11:37	0	2	29
35	9	18	12:08	56	12:37	0	2	62
34	13	18	13:41	56	14:11	0	2	30
12	15	18	14:43	24	15:05	0	0	5
12	16	24	15:10	59	15:38	0	0	36
7	101	59	16:14	39	16:40	0	0	34
7	60	39	17:14	59	17:39	0	0	0

Turnus:  18
30	11	59	05:43	10	06:06	0	0	5
30	10	10	06:11	59	06:32	0	0	0
70	13	59	06:32	91	06:52	0	0	28
70	16	91	07:20	59	07:46	0	0	57
30	39	59	08:43	10	09:06	0	0	5
30	40	10	09:11	59	09:32	0	0	32
7	31	59	10:04	89	10:27	0	1	64
7	34	85	11:32	59	11:54	0	0	5
7	35	59	11:59	39	12:25	0	0	54
7	38	39	13:19	59	13:47	0	0	0
70	53	59	13:47	91	14:07	0	0	5
70	54	91	14:12	93	14:34	0	0	7
30	71	93	14:41	10	15:06	0	0	35
30	76	10	15:41	59	16:02	0	0	75
27	37	59	17:17	70	17:50	0	0	9
27	40	70	17:59	59	18:32	0	0	0

Turnus:  19
12	1	18	04:43	24	05:05	3	0	5
12	2	24	05:10	56	05:34	0	2	7
12	3	18	05:43	24	06:05	0	0	5
12	4	24	06:10	56	06:34	0	10	37
30	24	10	07:21	93	07:44	0	0	17
30	35	93	08:01	10	08:26	0	0	65
30	42	10	09:31	59	09:52	0	0	101
12	11	59	11:33	24	12:00	0	0	5
12	12	24	12:05	56	12:29	0	2	37
35	11	18	13:08	56	13:37	0	2	4
30	63	59	13:43	10	14:06	0	0	5
30	64	10	14:11	93	14:34	0	0	11
70	61	93	14:45	91	15:07	0	0	5
70	62	91	15:12	93	15:34	0	0	11
70	69	93	15:45	91	16:07	0	0	13
10	92	91	16:20	31	16:40	0	0	19
43	49	31	16:59	64	17:19	0	0	4
43	50	64	17:23	31	17:43	0	0	16
43	51	31	17:59	64	18:19	0	0	4
43	52	64	18:23	31	18:43	0	0	32
11	43	31	19:15	91	19:45	0	0	12
70	88	91	19:57	59	20:17	0	0	0

Turnus:  20
11	1	31	04:24	91	04:54	3	0	6
10	2	91	05:00	31	05:20	0	0	11
2	3	31	05:31	26	05:49	0	1	75
52	8	29	07:05	56	07:15	0	10	0
3	10	10	07:25	106	07:40	0	9	331
1	8	108	13:20	102	13:45	0	0	30
1	3	102	14:15	29	14:30	0	0	5
52	20	29	14:35	69	14:51	0	0	84
52	29	69	16:15	29	16:30	0	1	339
2	10	26	22:10	59	22:30	0	0	0

Turnus:  21
11	3	31	04:45	91	05:15	3	0	20
10	6	91	05:35	31	05:55	0	0	14
43	11	31	06:09	64	06:29	0	0	4
43	12	64	06:33	31	06:53	0	0	2
10	19	31	06:55	91	07:15	0	0	5
70	18	91	07:20	56	07:41	0	2	0
12	7	18	07:43	24	08:05	0	0	5
12	8	24	08:10	56	08:34	0	6	35
52	11	69	09:15	29	09:30	0	0	240
1	12	29	13:30	102	13:45	0	0	30
1	1	102	14:15	10	14:32	0	0	54
30	74	10	15:26	59	15:47	0	0	135
70	81	59	18:02	91	18:22	0	0	5
70	82	91	18:27	59	18:47	0	0	2
7	63	59	18:49	89	19:12	0	13	33
30	107	18	19:58	10	20:16	0	11	31
30	109	18	20:58	10	21:16	0	0	10
30	110	10	21:26	59	21:47	0	0	0

Turnus:  22
11	4	91	05:23	31	05:50	15	0	39
43	13	31	06:29	64	06:49	0	0	24
43	16	64	07:13	31	07:33	0	2	45
70	27	81	08:20	91	08:37	0	0	5
70	28	91	08:42	59	09:02	0	0	120
70	39	59	11:02	91	11:22	0	0	5
70	40	91	11:27	59	11:47	0	0	72
7	37	59	12:59	39	13:25	0	3	7
10	70	91	13:35	31	13:55	0	0	5
3	7	31	14:00	10	14:23	0	0	33
30	70	10	14:56	56	15:12	0	2	5
7	53	59	15:19	89	15:48	0	1	4
7	54	85	15:53	59	16:15	0	0	28
30	89	59	16:43	10	17:06	0	0	5
30	90	10	17:11	59	17:32	0	0	12
7	61	59	17:44	39	18:10	0	0	4
7	62	39	18:14	59	18:39	0	0	0

Turnus:  23
11	5	31	05:05	101	05:40	3	0	8
11	6	101	05:48	31	06:20	0	0	5
10	15	31	06:25	91	06:45	0	0	20
10	18	91	07:05	31	07:25	0	0	0
10	23	31	07:25	91	07:45	0	0	12
70	22	91	07:57	59	08:17	0	0	15
70	29	59	08:32	91	08:52	0	0	13
10	34	91	09:05	31	09:25	0	0	124
43	29	31	11:29	64	11:49	0	0	4
43	30	64	11:53	31	12:13	0	0	42
10	67	31	12:55	91	13:15	0	0	12
70	48	91	13:27	59	13:47	0	0	17
7	43	59	14:04	89	14:27	0	1	4
7	44	85	14:32	59	14:54	0	0	17
30	75	59	15:11	10	15:36	0	0	20
30	78	10	15:56	59	16:17	0	0	0
70	73	59	16:17	91	16:37	0	0	58
10	102	91	17:35	31	17:55	0	0	75
10	117	31	19:10	91	19:30	0	0	23
11	44	91	19:53	31	20:20	0	0	39
43	57	31	20:59	64	21:19	0	0	4
43	58	64	21:23	31	21:43	0	7	20
1	13	102	22:10	73	22:28	0	5	0

Turnus:  24
62	3	5	05:20	5	05:54	9	0	26
62	7	5	06:20	5	06:54	0	0	26
62	101	5	07:20	5	07:54	0	0	6
62	13	5	08:00	54	08:23	0	1	41
70	31	81	09:05	91	09:22	0	0	31
11	18	91	09:53	31	10:20	0	0	5
10	47	31	10:25	91	10:45	0	0	5
10	48	91	10:50	31	11:10	0	0	5
11	21	31	11:15	91	11:45	0	0	8
11	22	91	11:53	31	12:20	0	0	20
10	65	31	12:40	91	13:00	0	0	5
10	66	91	13:05	31	13:25	0	0	4
43	35	31	13:29	64	13:49	0	0	4
43	36	64	13:53	31	14:13	0	0	2
11	31	31	14:15	91	14:45	0	0	8
11	32	91	14:53	31	15:20	0	0	9
43	43	31	15:29	64	15:49	0	0	4
43	44	64	15:53	31	16:13	0	0	2
11	37	31	16:15	91	16:45	0	0	5
10	96	91	16:50	31	17:10	0	0	60
10	109	31	18:10	91	18:30	0	0	5
10	110	91	18:35	31	18:55	0	0	4
43	53	31	18:59	64	19:19	0	0	4
43	54	64	19:23	31	19:43	0	7	140
1	11	102	22:10	29	22:25	0	9	0

Turnus:  25
70	1	59	05:02	91	05:22	0	0	8
10	4	91	05:30	31	05:54	0	0	1
10	11	31	05:55	91	06:15	0	0	8
11	8	91	06:23	31	06:50	0	7	2
3	1	45	06:59	91	07:15	0	0	8
11	12	91	07:23	31	07:50	0	0	50
10	33	31	08:40	91	09:00	0	0	20
10	36	91	09:20	31	09:40	0	0	210
10	69	31	13:10	91	13:30	0	0	3
3	11	91	13:33	91	13:53	0	0	0
11	28	91	13:53	31	14:20	0	0	5
10	79	31	14:25	91	14:45	0	0	20
10	82	91	15:05	31	15:29	0	0	11
10	89	31	15:40	91	16:00	0	0	12
70	70	91	16:12	59	16:32	0	0	56
13	21	59	17:28	43	17:57	0	0	5
13	22	43	18:02	56	18:29	0	2	215
30	111	59	22:06	10	22:31	0	0	5
30	112	10	22:36	59	22:57	0	0	0

Turnus:  26
70	3	59	05:17	91	05:37	0	0	5
70	4	91	05:42	56	05:57	0	10	54
30	18	10	07:01	59	07:22	0	0	10
70	21	59	07:32	91	07:52	0	0	20
70	24	91	08:12	59	08:32	0	0	71
30	45	59	09:43	10	10:06	0	0	35
30	48	10	10:41	59	11:02	0	0	41
30	53	59	11:43	10	12:06	0	0	79
1	10	10	13:25	102	13:45	0	0	30
1	15	102	14:15	73	14:33	0	3	2
35	17	18	14:38	56	15:07	0	2	29
35	21	18	15:38	56	16:07	0	2	4
30	85	59	16:13	10	16:36	0	0	5
30	86	10	16:41	59	17:02	0	0	0

Turnus:  27
70	5	59	05:32	91	05:52	0	0	28
10	12	91	06:20	31	06:40	0	0	9
43	15	31	06:49	64	07:09	0	0	4
43	18	64	07:13	31	07:33	0	0	22
10	27	31	07:55	91	08:15	0	0	42
70	30	91	08:57	56	09:12	0	2	54
35	5	18	10:08	56	10:37	0	2	56
70	41	81	11:35	91	11:52	0	0	28
10	60	91	12:20	31	12:40	0	0	5
11	25	31	12:45	91	13:15	0	0	5
10	68	91	13:20	31	13:40	0	0	0
10	73	31	13:40	91	14:00	0	0	5
10	74	91	14:05	31	14:29	0	0	0
43	39	31	14:29	64	14:52	0	0	1
43	40	64	14:53	31	15:13	0	0	12
10	87	31	15:25	91	15:45	0	0	20
10	90	91	16:05	31	16:25	0	0	30
10	99	31	16:55	91	17:15	0	0	5
10	100	91	17:20	31	17:40	0	0	35
11	41	31	18:15	91	18:45	0	0	12
70	84	91	18:57	59	19:17	0	0	53
12	23	59	20:10	24	20:37	0	0	5
12	24	24	20:42	56	21:06	0	2	25
2	9	59	21:33	26	21:50	0	0	20
2	14	26	22:10	59	22:50	0	0	0

Turnus:  28
10	1	31	04:35	91	04:55	3	0	4
11	2	91	04:59	31	05:26	0	0	3
43	7	31	05:29	64	05:49	0	0	4
43	8	64	05:53	31	06:13	0	0	2
11	9	31	06:15	91	06:45	0	0	12
70	14	91	06:57	59	07:17	0	0	0
70	19	59	07:17	91	07:37	0	0	5
70	20	91	07:42	56	07:57	0	2	29
30	37	18	08:28	10	08:46	0	0	5
30	38	10	08:51	59	09:12	0	0	105
13	11	59	10:57	43	11:26	0	0	5
13	12	43	11:31	56	11:58	0	2	95
52	17	18	13:35	44	13:50	0	0	20
52	18	44	14:10	56	14:25	0	2	7
7	47	59	14:34	89	14:57	0	1	4
7	48	85	15:02	59	15:24	0	0	10
7	55	59	15:34	89	15:57	0	1	4
7	56	85	16:02	59	16:24	0	0	128
70	83	59	18:32	91	18:52	0	0	43
10	118	91	19:35	31	19:55	0	0	105
10	137	31	21:40	91	22:00	0	0	5
10	138	91	22:05	31	22:25	0	0	5
11	49	31	22:30	91	23:00	0	0	5
11	50	91	23:05	31	23:32	0	3	0

Turnus:  29
10	3	31	05:05	91	05:25	3	0	2
70	2	91	05:27	93	05:49	0	0	11
70	9	93	06:00	91	06:22	0	0	5
70	10	91	06:27	93	06:49	0	0	5
70	17	93	06:54	91	07:16	0	0	4
3	6	91	07:20	31	07:45	0	0	104
43	25	31	09:29	64	09:49	0	0	4
43	26	64	09:53	31	10:13	0	0	87
10	57	31	11:40	91	12:00	0	0	5
10	58	91	12:05	31	12:25	0	0	0
10	63	31	12:25	91	12:45	0	0	5
10	64	91	12:50	31	13:10	0	0	35
11	29	31	13:45	91	14:15	0	0	8
11	30	91	14:23	31	14:50	0	0	20
10	85	31	15:10	101	15:40	0	0	5
10	88	101	15:45	31	16:10	0	0	19
43	47	31	16:29	64	16:49	0	0	4
43	48	64	16:53	31	17:13	0	0	27
10	105	31	17:40	91	18:00	0	0	5
10	106	91	18:05	31	18:25	0	0	75
10	121	31	19:40	91	20:00	0	0	95
10	134	91	21:35	31	21:55	0	0	15
10	141	31	22:10	91	22:35	0	0	5
12	27	91	22:40	24	22:48	0	0	5
12	28	24	22:53	59	23:21	0	0	0

Turnus:  30
10	5	31	05:10	101	05:35	3	0	10
10	8	101	05:45	31	06:10	0	0	20
10	17	31	06:30	91	06:56	0	0	7
11	10	91	07:03	31	07:30	0	0	55
10	31	31	08:25	91	08:45	0	0	5
10	32	91	08:50	31	09:10	0	0	60
10	45	31	10:10	91	10:30	0	0	27
70	38	91	10:57	56	11:12	0	6	117
52	15	69	13:15	29	13:30	0	0	5
52	16	29	13:35	69	13:51	0	0	24
52	21	69	14:15	29	14:30	0	0	35
52	22	29	15:05	56	15:15	0	2	33
52	27	18	15:50	29	16:00	0	0	5
52	26	29	16:05	56	16:15	0	2	33
52	31	18	16:50	29	17:00	0	0	5
52	30	29	17:05	56	17:15	0	2	16
30	95	18	17:33	10	17:51	0	0	5
30	96	10	17:56	59	18:17	0	0	0

Turnus:  31
1	14	108	05:20	91	05:23	14	0	0
1	4	91	05:23	102	05:45	0	5	8
30	13	59	05:58	10	06:21	0	0	50
30	22	10	07:11	56	07:27	0	10	4
30	30	10	07:41	59	08:02	0	0	0
70	25	59	08:02	91	08:22	0	0	5
70	26	91	08:27	56	08:42	0	2	24
35	3	18	09:08	56	09:37	0	2	94
30	51	59	11:13	10	11:36	0	0	5
30	52	10	11:41	59	12:02	0	0	75
70	49	59	13:17	91	13:37	0	0	5
70	50	91	13:42	59	14:02	0	0	0
70	55	59	14:02	91	14:22	0	0	5
70	56	91	14:27	59	14:47	0	0	10
27	31	59	14:57	70	15:30	0	0	5
27	34	70	15:35	59	16:08	0	0	36
7	59	59	16:44	39	17:10	0	2	125
7	64	85	19:17	59	19:39	0	0	0

Turnus:  32
30	1	59	04:23	10	04:46	0	0	39
1	2	10	05:25	102	05:45	0	5	29
7	13	59	06:19	89	06:42	0	2	15
7	16	39	06:59	59	07:24	0	3	2
43	21	31	07:29	64	07:49	0	0	4
43	22	64	07:53	31	08:13	0	0	16
43	23	31	08:29	64	08:49	0	0	4
43	24	64	08:53	31	09:13	0	0	27
10	41	31	09:40	91	10:00	0	0	35
10	46	91	10:35	31	10:55	0	0	0
10	51	31	10:55	91	11:15	0	0	20
10	54	91	11:35	31	11:55	0	0	15
10	61	31	12:10	91	12:30	0	0	5
10	62	91	12:35	31	12:55	0	4	31
1	16	11	13:30	102	13:45	0	0	30
1	5	102	14:15	84	14:40	0	9	1
52	23	18	14:50	29	15:00	0	0	35
52	24	29	15:35	69	15:51	0	0	144
52	33	69	18:15	29	18:30	0	0	5
52	32	29	18:35	56	18:45	0	2	30
27	39	59	19:17	70	19:59	0	0	4
27	42	70	20:03	59	20:44	0	0	0

Turnus:  33
30	2	10	04:51	56	05:07	12	6	2
52	1	69	05:15	29	05:30	0	0	0
1	6	29	05:30	102	05:45	0	5	18
30	15	59	06:08	10	06:31	0	0	50
30	26	10	07:21	56	07:37	0	7	111
52	12	29	09:35	56	09:45	0	2	93
52	13	18	11:20	29	11:30	0	0	5
52	14	29	11:35	56	11:45	0	2	141
35	15	18	14:08	56	14:37	0	2	2
34	17	18	14:41	56	15:11	0	2	14
27	33	59	15:27	70	16:00	0	0	5
27	36	70	16:05	59	16:38	0	0	35
30	93	59	17:13	10	17:36	0	0	5
30	94	10	17:41	59	18:02	0	0	0

Turnus:  34
30	3	59	04:43	10	05:06	0	0	5
30	4	10	05:11	59	05:32	0	3	10
11	7	31	05:45	91	06:15	0	0	20
10	14	91	06:35	31	06:55	0	0	4
43	19	31	06:59	64	07:19	0	0	4
43	20	64	07:23	31	07:43	0	0	32
11	15	31	08:15	91	08:45	0	0	8
11	16	91	08:53	31	09:20	0	0	5
10	39	31	09:25	91	09:45	0	0	5
10	40	91	09:50	31	10:10	0	0	5
11	19	31	10:15	91	10:45	0	0	8
11	20	91	10:53	31	11:20	0	0	5
10	55	31	11:25	91	11:45	0	0	5
10	56	91	11:50	31	12:10	0	0	5
11	23	31	12:15	91	12:45	0	0	8
11	24	91	12:53	31	13:20	0	0	5
10	71	31	13:25	91	13:45	0	0	12
70	52	91	13:57	59	14:17	0	0	10
27	29	59	14:27	70	15:00	0	0	5
27	32	70	15:05	59	15:38	0	0	19
27	35	59	15:57	70	16:30	0	0	5
27	38	70	16:35	59	17:08	0	0	62
12	21	59	18:10	24	18:37	0	0	5
12	22	24	18:42	56	19:06	0	2	156
7	69	59	21:44	39	22:10	0	0	4
7	70	39	22:14	59	22:39	0	0	0

Turnus:  35
30	5	59	04:58	10	05:21	0	0	10
30	6	10	05:31	59	05:51	0	0	8
7	11	59	05:59	39	06:25	0	0	4
7	12	39	06:29	59	06:54	0	0	20
7	21	59	07:14	39	07:40	0	0	4
7	22	39	07:44	59	08:09	0	0	233
70	43	59	12:02	91	12:22	0	0	35
70	46	91	12:57	59	13:17	0	0	40
27	27	59	13:57	70	14:30	0	0	5
27	30	70	14:35	59	15:08	0	0	9
70	65	59	15:17	91	15:37	0	0	5
70	66	91	15:42	59	16:02	0	0	131
30	101	59	18:13	10	18:36	0	0	5
30	102	10	18:41	59	19:02	0	0	0

Turnus:  36
9	27	31	05:10	103	05:45	3	0	35
9	18	103	06:20	31	06:40	0	3	0
12	5	18	06:43	24	07:05	0	0	5
12	6	24	07:10	56	07:34	0	2	32
35	1	18	08:08	56	08:37	0	2	2
34	1	18	08:41	56	09:11	0	13	68
7	32	85	10:32	59	10:54	0	0	10
7	33	59	11:04	89	11:27	0	2	60
7	36	39	12:29	59	12:54	0	0	3
27	23	59	12:57	70	13:30	0	0	5
27	26	70	13:35	59	14:08	0	0	9
70	57	59	14:17	91	14:37	0	0	5
70	58	91	14:42	59	15:02	0	0	0
70	63	59	15:02	91	15:22	0	0	18
10	86	91	15:40	31	16:00	0	0	40
10	97	31	16:40	91	17:00	0	0	5
10	98	91	17:05	31	17:25	0	0	0
10	103	31	17:25	91	17:45	0	0	8
11	40	91	17:53	31	18:20	0	0	20
10	113	31	18:40	91	19:00	0	0	5
10	114	91	19:05	31	19:25	0	0	34
43	55	31	19:59	64	20:19	0	0	4
43	56	64	20:23	31	20:43	0	7	80
1	9	102	22:10	84	22:35	0	11	0

Turnus:  37
43	1	31	04:29	64	04:49	3	0	4
43	2	64	04:53	31	05:13	0	0	6
10	7	31	05:19	91	05:45	0	0	12
70	6	91	05:57	59	06:17	0	0	30
27	13	59	06:47	70	07:20	0	0	5
27	16	70	07:25	59	07:58	0	0	1
7	27	59	07:59	39	08:25	0	0	4
7	28	39	08:29	59	08:54	0	0	248
70	47	59	13:02	91	13:22	0	0	1
11	26	91	13:23	31	13:50	0	0	9
43	37	31	13:59	64	14:19	0	0	4
43	38	64	14:23	31	14:43	0	0	16
43	41	31	14:59	64	15:19	0	0	4
43	42	64	15:23	31	15:43	0	0	12
10	91	31	15:55	91	16:15	0	0	17
70	72	91	16:32	59	16:52	0	0	121
30	105	59	18:53	10	19:16	0	0	5
30	106	10	19:21	56	19:37	0	2	10
7	65	59	19:49	89	20:12	0	1	4
7	66	85	20:17	59	20:39	0	0	0

Turnus:  38
43	3	31	04:49	64	05:09	3	0	4
43	4	64	05:13	31	05:33	0	0	7
10	9	31	05:40	91	06:00	0	0	5
10	10	91	06:05	31	06:25	0	3	0
30	17	18	06:28	10	06:46	0	0	34
3	2	10	07:20	31	07:40	0	0	30
10	29	31	08:10	91	08:30	0	0	5
10	30	91	08:35	31	08:55	0	0	60
10	43	31	09:55	91	10:15	0	0	5
10	44	91	10:20	31	10:40	0	0	0
10	49	31	10:40	91	11:00	0	0	20
10	52	91	11:20	31	11:40	0	0	95
11	27	31	13:15	91	13:45	0	0	5
10	72	91	13:50	31	14:10	0	0	0
10	77	31	14:10	101	14:40	0	0	5
10	80	101	14:45	31	15:10	0	0	5
11	35	31	15:15	91	15:45	0	0	12
70	68	91	15:57	59	16:17	0	0	15
70	75	59	16:32	91	16:52	0	0	5
70	76	91	16:57	59	17:17	0	0	15
70	79	59	17:32	91	17:52	0	0	5
70	80	91	17:57	59	18:17	0	0	0

Turnus:  39
43	5	31	05:09	64	05:29	3	0	4
43	6	64	05:33	31	05:56	0	0	9
10	13	31	06:05	101	06:36	0	0	9
10	16	101	06:45	31	07:10	0	0	0
10	21	31	07:10	91	07:30	0	0	23
11	14	91	07:53	31	08:20	0	0	50
10	37	31	09:10	91	09:30	0	0	5
10	38	91	09:35	31	09:55	0	0	34
43	27	31	10:29	64	10:49	0	0	4
43	28	64	10:53	31	11:13	0	0	106
43	33	31	12:59	64	13:19	0	0	4
43	34	64	13:23	31	13:43	0	0	12
10	75	31	13:55	91	14:15	0	0	5
10	76	91	14:20	31	14:40	0	0	5
11	33	31	14:45	91	15:15	0	0	8
11	34	91	15:23	31	15:50	0	0	9
43	45	31	15:59	64	16:19	0	0	4
43	46	64	16:23	31	16:43	0	0	47
9	25	31	17:30	103	17:45	0	0	30
9	26	103	18:15	31	18:35	0	0	168
9	21	31	21:23	103	21:45	0	0	30
9	22	103	22:15	86	22:48	0	14	0


