4 100 54
16 12 15 12
20 1041 26 1072
44 543 29 587
50 636 7 697
12 740 52 758
46 813 46 1049
34 619 9 639
36 642 36 864
39 649 45 709
48 461 22 489
12 525 12 824
49 916 49 1134
34 932 34 1153
13 1075 13 1343
45 819 45 1040
11 441 41 500
49 655 49 930
43 440 43 699
37 778 41 836
32 769 32 963
27 441 27 706
21 1080 37 1125
11 546 11 846
49 928 49 1203
36 485 36 747
40 958 16 983
7 707 47 767
29 731 29 968
34 690 34 921
52 992 6 1039
13 1017 34 1064
27 718 27 993
44 665 44 922
13 1048 28 1123
30 493 30 700
29 856 38 901
27 949 49 1008
38 791 50 838
16 478 53 548
24 813 44 869
35 663 35 941
42 686 53 744
9 434 37 501
8 860 17 878
29 467 29 676
50 761 37 825
31 995 31 1270
35 503 42 573
24 768 24 1019
20 625 20 884
23 472 48 546
25 476 26 513
7 806 44 877
21 1039 21 1230
22 1157 22 1443
7 559 33 654
38 914 38 1155
16 949 16 1247
50 835 29 855
13 1072 18 1155
44 437 12 500
26 978 26 1206
35 981 37 1056
35 974 51 1019
14 419 14 669
11 734 11 998
36 894 36 1174
48 525 21 560
22 873 27 960
34 610 38 649
48 910 48 1191
8 550 8 839
11 362 11 662
8 623 8 809
38 872 5 970
41 478 53 536
30 938 30 1174
51 938 51 1165
43 450 19 502
45 850 45 1060
12 638 12 884
25 776 25 994
15 836 46 906
17 479 8 515
19 764 19 1052
19 466 41 532
37 856 37 1142
42 525 53 591
12 960 52 998
6 436 47 496
49 764 49 962
41 1067 29 1137
5 538 5 833
42 785 42 981
40 650 40 936
33 1067 33 1276
33 457 33 715
20 955 7 1032
44 639 44 935
34 455 16 508
16 427 16 638
0 85 60 60 4 76 44 70 28 23 54 28 30 27 80 57 56 25 62 57 30 47 60 32 47 56 46 63 61 38 74 52 62 13 35 41 67 71 19 46 57 55 58 26 30 71 68 31 68 18 47 23 25 22
85 0 60 60 83 10 54 18 59 66 35 58 57 60 7 48 40 61 42 32 58 40 35 63 40 39 40 41 25 48 13 57 30 77 59 54 19 16 73 40 52 55 54 67 65 16 26 55 29 68 39 67 61 65
60 60 0 85 58 57 67 57 51 40 33 49 51 51 60 14 24 51 20 54 53 48 63 64 38 64 37 21 48 45 50 76 32 49 28 24 53 56 43 44 10 77 78 63 32 47 64 40 66 51 45 60 44 54
60 60 85 0 60 52 20 45 40 58 55 42 39 41 55 73 64 43 72 35 37 38 27 30 48 25 49 72 45 41 57 10 61 61 63 63 46 47 62 42 76 9 8 36 64 55 36 49 33 48 42 39 49 43
4 83 58 60 0 73 43 68 26 19 51 26 28 24 78 54 53 22 59 54 28 44 57 31 44 54 43 60 58 35 71 51 59 9 32 38 64 69 15 43 54 54 57 24 27 68 66 28 65 16 44 22 22 20
76 10 57 52 73 0 44 8 49 58 28 49 47 51 5 44 34 52 38 22 48 30 26 53 31 29 32 37 16 39 9 48 26 68 51 47 10 6 65 31 48 46 45 58 57 11 17 47 20 58 30 58 53 56
44 54 67 20 43 44 0 37 21 38 39 23 20 22 48 55 47 24 56 24 18 22 20 13 31 17 31 56 33 22 47 10 46 43 44 44 36 39 43 25 59 12 15 19 44 45 31 30 29 30 25 22 30 25
70 18 57 45 68 8 37 0 43 53 26 42 41 44 12 43 33 46 39 15 42 24 19 46 27 22 28 38 11 33 13 41 25 62 48 44 4 2 60 25 47 38 38 51 53 13 10 41 13 52 24 51 47 49
28 59 51 40 26 49 21 43 0 18 31 3 3 2 54 42 37 4 45 29 4 20 32 13 22 30 22 45 34 12 48 31 39 23 25 27 40 44 23 19 44 33 35 13 24 45 41 12 40 10 21 11 9 7
23 66 40 58 19 58 38 53 18 0 33 16 19 17 62 35 34 15 40 41 21 31 47 29 27 45 26 41 43 22 55 48 40 11 14 19 49 54 7 28 36 50 52 26 9 51 53 12 54 13 30 22 9 17
54 35 33 55 51 28 39 26 31 33 0 29 30 32 32 19 10 33 18 22 32 18 31 41 9 32 10 17 16 21 23 47 9 44 24 19 22 26 39 15 23 47 48 43 30 19 31 23 33 38 14 41 30 37
28 58 49 42 26 49 23 42 3 16 29 0 4 3 53 40 34 4 43 29 5 19 33 15 21 30 20 43 33 10 47 32 38 22 23 25 39 44 22 18 42 34 37 15 22 44 41 9 40 10 20 12 8 8
30 57 51 39 28 47 20 41 3 19 30 4 0 4 51 41 36 6 44 27 3 18 30 13 21 27 21 44 32 10 46 29 38 25 25 27 38 42 25 17 44 31 34 13 25 43 39 12 38 13 19 12 11 9
27 60 51 41 24 51 22 44 2 17 32 3 4 0 55 42 37 2 46 30 4 21 34 13 24 31 23 46 35 13 50 31 41 22 25 28 42 46 22 21 44 33 36 12 24 46 42 12 42 9 22 9 9 5
80 7 60 55 78 5 48 12 54 62 32 53 51 55 0 47 38 56 41 26 52 34 29 57 35 33 36 40 20 43 11 51 29 72 55 51 14 10 69 35 51 49 48 62 61 14 20 51 22 63 34 62 57 60
57 48 14 73 54 44 55 43 42 35 19 40 41 42 47 0 10 42 8 41 44 35 50 54 25 50 25 9 35 34 36 64 19 45 22 17 39 42 39 32 5 64 66 54 28 34 50 31 52 45 32 51 37 46
56 40 24 64 53 34 47 33 37 34 10 34 36 37 38 10 0 38 9 31 38 27 40 47 17 41 17 9 25 27 28 56 10 45 23 17 29 33 40 23 14 56 57 49 29 25 40 27 42 41 23 46 33 42
25 61 51 43 22 52 24 46 4 15 33 4 6 2 56 42 38 0 46 32 6 22 36 15 24 33 24 45 37 14 51 33 41 20 24 27 43 47 20 22 44 35 38 13 22 47 44 12 43 7 23 10 8 5
62 42 20 72 59 38 56 39 45 40 18 43 44 46 41 8 9 46 0 39 46 35 48 56 26 49 25 1 31 36 31 64 14 51 28 22 35 38 45 32 11 64 65 57 34 28 46 35 49 49 31 55 41 49
57 32 54 35 54 22 24 15 29 41 22 29 27 30 26 41 31 32 39 0 27 11 10 31 18 11 19 38 10 20 24 29 26 50 39 36 13 17 48 14 45 28 28 36 43 21 13 29 13 39 12 37 34 35
30 58 53 37 28 48 18 42 4 21 32 5 3 4 52 44 38 6 46 27 0 19 30 11 23 27 23 46 33 12 48 27 40 26 27 30 39 43 26 19 46 30 32 12 27 44 39 14 38 13 20 10 13 9
47 40 48 38 44 30 22 24 20 31 18 19 18 21 34 35 27 22 35 11 19 0 18 25 10 17 11 34 15 9 30 30 25 39 29 27 21 25 37 4 39 30 31 29 32 26 23 19 24 29 4 28 24 26
60 35 63 27 57 26 20 19 32 47 31 33 30 34 29 50 40 36 48 10 30 18 0 31 26 4 27 47 18 26 30 23 35 54 46 44 19 21 53 21 54 21 20 37 50 28 11 36 9 42 20 38 39 38
32 63 64 30 31 53 13 46 13 29 41 15 13 13 57 54 47 15 56 31 11 25 31 0 32 27 32 56 39 21 54 21 48 31 38 40 44 48 33 27 56 24 27 7 37 51 41 24 39 19 28 9 22 13
47 40 38 48 44 31 31 27 22 27 9 21 21 24 35 25 17 24 26 18 23 10 26 32 0 26 1 25 16 12 28 39 18 37 22 19 23 27 34 7 29 40 41 34 26 25 30 16 31 30 7 32 23 28
56 39 64 25 54 29 17 22 30 45 32 30 27 31 33 50 41 33 49 11 27 17 4 27 26 0 27 48 20 24 33 19 37 52 45 44 22 24 51 20 54 18 18 33 48 31 14 34 13 39 20 35 37 35
46 40 37 49 43 32 31 28 22 26 10 20 21 23 36 25 17 24 25 19 23 11 27 32 1 27 0 25 17 11 29 40 18 37 21 18 24 28 33 8 28 40 42 34 25 25 31 15 32 29 8 32 22 28
63 41 21 72 60 37 56 38 45 41 17 43 44 46 40 9 9 45 1 38 46 34 47 56 25 48 25 0 30 35 30 64 13 51 28 22 34 37 46 31 12 63 64 57 34 27 45 35 48 49 31 55 41 50
61 25 48 45 58 16 33 11 34 43 16 33 32 35 20 35 25 37 31 10 33 15 18 39 16 20 17 30 0 23 15 38 18 52 37 34 7 12 49 15 39 37 37 43 42 13 16 31 18 43 14 43 37 40
38 48 45 41 35 39 22 33 12 22 21 10 10 13 43 34 27 14 36 20 12 9 26 21 12 24 11 35 23 0 37 32 29 30 22 23 30 34 28 8 37 33 35 23 25 34 32 10 32 20 10 21 15 18
74 13 50 57 71 9 47 13 48 55 23 47 46 50 11 36 28 51 31 24 48 30 30 54 28 33 29 30 15 37 0 52 19 65 47 42 12 11 61 29 41 50 49 58 52 4 22 44 26 57 28 57 50 55
52 57 76 10 51 48 10 41 31 48 47 32 29 31 51 64 56 33 64 29 27 30 23 21 39 19 40 64 38 32 52 0 53 51 53 54 41 43 52 33 67 4 7 27 54 50 32 40 30 38 33 30 39 33
62 30 32 61 59 26 46 25 39 40 9 38 38 41 29 19 10 41 14 26 40 25 35 48 18 37 18 13 18 29 19 53 0 51 30 25 22 25 47 23 23 53 53 51 37 15 33 31 35 46 22 49 38 45
13 77 49 61 9 68 43 62 23 11 44 22 25 22 72 45 45 20 51 50 26 39 54 31 37 52 37 51 52 30 65 51 51 0 24 29 59 63 6 38 45 54 57 26 18 61 62 22 62 14 39 23 16 19
35 59 28 63 32 51 44 48 25 14 24 23 25 25 55 22 23 24 28 39 27 29 46 38 22 45 21 28 37 22 47 53 30 24 0 6 44 48 18 26 23 54 56 36 7 43 51 14 52 24 27 33 17 27
41 54 24 63 38 47 44 44 27 19 19 25 27 28 51 17 17 27 22 36 30 27 44 40 19 44 18 22 34 23 42 54 25 29 6 0 40 44 24 24 18 55 57 39 13 38 48 16 49 29 25 36 21 31
67 19 53 46 64 10 36 4 40 49 22 39 38 42 14 39 29 43 35 13 39 21 19 44 23 22 24 34 7 30 12 41 22 59 44 40 0 5 56 22 43 39 38 49 49 10 13 38 15 49 20 49 44 47
71 16 56 47 69 6 39 2 44 54 26 44 42 46 10 42 33 47 38 17 43 25 21 48 27 24 28 37 12 34 11 43 25 63 48 44 5 0 60 26 47 40 40 52 53 11 12 42 15 54 25 53 48 51
19 73 43 62 15 65 43 60 23 7 39 22 25 22 69 39 40 20 45 48 26 37 53 33 34 51 33 46 49 28 61 52 47 6 18 24 56 60 0 35 39 55 58 29 12 58 60 19 60 15 36 25 15 20
46 40 44 42 43 31 25 25 19 28 15 18 17 21 35 32 23 22 32 14 19 4 21 27 7 20 8 31 15 8 29 33 23 38 26 24 22 26 35 0 35 33 34 30 30 26 26 17 27 28 2 29 22 26
57 52 10 76 54 48 59 47 44 36 23 42 44 44 51 5 14 44 11 45 46 39 54 56 29 54 28 12 39 37 41 67 23 45 23 18 43 47 39 35 0 68 69 56 28 38 54 33 56 46 35 53 38 48
55 55 77 9 54 46 12 38 33 50 47 34 31 33 49 64 56 35 64 28 30 30 21 24 40 18 40 63 37 33 50 4 53 54 54 55 39 40 55 33 68 0 4 30 56 48 30 41 27 41 33 33 42 36
58 54 78 8 57 45 15 38 35 52 48 37 34 36 48 66 57 38 65 28 32 31 20 27 41 18 42 64 37 35 49 7 53 57 56 57 38 40 58 34 69 4 0 33 58 48 29 43 26 44 34 36 44 39
26 67 63 36 24 58 19 51 13 26 43 15 13 12 62 54 49 13 57 36 12 29 37 7 34 33 34 57 43 23 58 27 51 26 36 39 49 52 29 30 56 30 33 0 34 55 46 24 45 14 31 4 19 10
30 65 32 64 27 57 44 53 24 9 30 22 25 24 61 28 29 22 34 43 27 32 50 37 26 48 25 34 42 25 52 54 37 18 7 13 49 53 12 30 28 56 58 34 0 49 55 15 56 21 31 30 15 25
71 16 47 55 68 11 45 13 45 51 19 44 43 46 14 34 25 47 28 21 44 26 28 51 25 31 25 27 13 34 4 50 15 61 43 38 10 11 58 26 38 48 48 55 49 0 22 40 25 53 25 54 47 51
68 26 64 36 66 17 31 10 41 53 31 41 39 42 20 50 40 44 46 13 39 23 11 41 30 14 31 45 16 32 22 32 33 62 51 48 13 12 60 26 54 30 29 46 55 22 0 42 4 51 25 47 46 47
31 55 40 49 28 47 30 41 12 12 23 9 12 12 51 31 27 12 35 29 14 19 36 24 16 34 15 35 31 10 44 40 31 22 14 16 38 42 19 17 33 41 43 24 15 40 42 0 42 15 18 21 7 16
68 29 66 33 65 20 29 13 40 54 33 40 38 42 22 52 42 43 49 13 38 24 9 39 31 13 32 48 18 32 26 30 35 62 52 49 15 15 60 27 56 27 26 45 56 25 4 42 0 50 25 46 46 46
18 68 51 48 16 58 30 52 10 13 38 10 13 9 63 45 41 7 49 39 13 29 42 19 30 39 29 49 43 20 57 38 46 14 24 29 49 54 15 28 46 41 44 14 21 53 51 15 50 0 29 10 9 6
47 39 45 42 44 30 25 24 21 30 14 20 19 22 34 32 23 23 31 12 20 4 20 28 7 20 8 31 14 10 28 33 22 39 27 25 20 25 36 2 35 33 34 31 31 25 25 18 25 29 0 30 24 27
23 67 60 39 22 58 22 51 11 22 41 12 12 9 62 51 46 10 55 37 10 28 38 9 32 35 32 55 43 21 57 30 49 23 33 36 49 53 25 29 53 33 36 4 30 54 47 21 46 10 30 0 16 6
25 61 44 49 22 53 30 47 9 9 30 8 11 9 57 37 33 8 41 34 13 24 39 22 23 37 22 41 37 15 50 39 38 16 17 21 44 48 15 22 38 42 44 19 15 47 46 7 46 9 24 16 0 10
22 65 54 43 20 56 25 49 7 17 37 8 9 5 60 46 42 5 49 35 9 26 38 13 28 35 28 50 40 18 55 33 45 19 27 31 47 51 20 26 48 36 39 10 25 51 47 16 46 6 27 6 10 0
