4 100 43
16 15 15 16
10 875 10 1122
11 1136 11 1420
42 667 9 718
21 1194 21 1475
38 302 38 561
32 1158 32 1402
7 544 22 615
33 384 33 595
30 571 30 757
13 756 13 938
30 775 30 972
9 548 9 775
12 504 12 721
38 884 38 1118
12 871 12 1100
39 677 16 753
15 1091 15 1316
20 730 8 823
39 931 39 1175
25 1063 11 1095
8 1023 33 1088
27 825 27 1049
6 890 6 1176
37 658 37 869
40 473 17 533
42 603 42 808
10 383 10 662
9 516 9 714
5 669 10 736
14 653 14 880
31 562 31 816
16 525 23 579
30 1067 30 1306
39 1192 39 1448
29 933 29 1195
33 972 33 1230
19 493 19 734
22 462 22 751
38 811 38 1101
11 1019 30 1047
8 574 8 764
6 726 6 992
30 889 30 1086
24 1000 22 1033
23 583 16 631
7 993 7 1266
9 966 38 1017
12 716 22 769
35 466 35 715
10 684 15 760
9 456 24 491
38 529 12 576
21 1023 30 1084
8 785 28 816
41 454 25 514
14 958 14 1200
24 558 24 846
14 768 29 837
7 1021 26 1102
13 365 13 598
5 691 40 779
15 1064 15 1300
30 640 8 690
9 442 30 475
9 1182 9 1472
29 630 17 687
9 1096 9 1379
8 755 8 993
12 1041 10 1122
35 1001 16 1068
9 458 24 525
18 493 32 543
15 724 15 959
5 331 5 514
21 976 8 1042
21 494 19 513
41 1052 36 1113
16 392 16 624
5 311 5 506
36 875 36 1161
14 635 14 824
9 359 9 640
22 717 22 903
37 1121 37 1392
11 443 11 686
28 1193 28 1486
14 337 14 628
36 802 39 833
39 846 39 1070
15 1076 15 1328
37 767 7 837
11 331 11 572
9 448 24 489
21 913 34 966
21 359 21 648
13 950 13 1187
10 999 41 1045
13 824 13 1066
14 399 14 635
30 1182 30 1379
0 85 60 60 68 58 59 68 11 37 8 22 48 39 18 45 73 30 28 52 74 40 14 39 13 8 20 66 27 47 41 58 18 48 76 39 16 51 57 26 45 47 60
85 0 60 60 21 55 41 25 78 49 78 66 38 47 68 45 18 56 65 34 12 46 73 51 76 78 66 20 59 47 55 54 74 49 10 52 73 61 29 60 55 44 27
60 60 0 85 41 79 69 37 60 43 55 41 38 45 50 29 61 45 62 49 52 47 48 58 49 56 46 46 45 63 24 8 44 65 55 28 59 9 47 48 18 57 41
60 60 85 0 58 7 21 62 51 43 57 56 48 42 49 57 44 45 34 39 54 39 57 29 60 55 51 51 47 23 64 78 62 21 54 59 46 79 44 45 69 29 51
68 21 41 58 0 51 38 5 61 32 60 47 20 31 50 25 22 39 51 21 12 31 54 40 57 60 48 8 42 39 34 34 54 41 15 32 57 41 16 43 34 34 9
58 55 79 7 51 0 15 56 48 37 53 51 42 36 45 51 38 39 31 32 48 33 53 23 56 52 47 44 42 17 58 72 58 15 48 53 43 73 37 40 63 22 45
59 41 69 21 38 15 0 42 49 30 53 47 31 28 43 41 24 35 32 20 34 25 51 20 54 52 44 31 38 12 49 61 55 12 34 45 44 64 24 37 53 15 32
68 25 37 62 5 56 42 0 62 33 61 47 21 33 51 24 27 39 53 25 16 33 54 42 57 61 48 13 43 42 32 29 54 44 19 31 58 37 19 44 31 37 12
11 78 60 51 61 48 49 62 0 30 8 20 42 31 12 41 64 23 18 44 67 32 13 30 14 6 16 59 20 38 38 57 19 38 69 36 6 51 50 19 44 37 53
37 49 43 43 32 37 30 33 30 0 30 19 12 2 20 16 37 8 22 16 37 6 25 15 28 29 18 29 11 21 21 37 27 23 39 16 26 37 20 12 26 16 24
8 78 55 57 60 53 53 61 8 30 0 15 41 32 11 38 66 23 24 45 67 34 8 34 7 3 13 58 20 42 34 52 12 42 69 32 12 46 50 19 39 40 53
22 66 41 56 47 51 47 47 20 19 15 0 28 21 10 24 56 14 25 35 55 24 8 29 10 16 6 46 11 37 20 38 8 38 57 18 19 33 39 12 24 34 40
48 38 38 48 20 42 31 21 42 12 41 28 0 12 31 11 29 19 33 11 27 13 35 23 38 40 28 18 22 26 21 31 36 28 29 17 38 34 12 23 24 20 13
39 47 45 42 31 36 28 33 31 2 32 21 12 0 21 17 35 9 22 14 36 4 27 14 30 31 19 28 13 19 23 38 29 21 38 18 27 38 19 13 27 14 23
18 68 50 49 50 45 43 51 12 20 11 10 31 21 0 29 55 13 16 35 56 23 9 24 11 10 5 48 9 32 28 46 13 33 58 25 10 42 39 8 33 30 43
45 45 29 57 25 51 41 24 41 16 38 24 11 17 29 0 39 20 36 22 34 19 31 30 34 38 26 26 22 34 11 22 30 37 37 8 38 23 22 24 13 29 19
73 18 61 44 22 38 24 27 64 37 66 56 29 35 55 39 0 44 50 21 13 33 61 36 65 65 54 15 47 31 49 53 63 32 11 45 59 59 18 47 51 28 21
30 56 45 45 39 39 35 39 23 8 23 14 19 9 13 20 44 0 18 23 44 11 18 17 22 22 11 36 4 24 22 39 21 25 46 17 19 37 27 5 27 20 31
28 65 62 34 51 31 32 53 18 22 24 25 33 22 16 36 50 18 0 31 54 21 24 14 26 21 19 47 17 21 39 56 29 21 56 34 13 54 37 15 44 22 43
52 34 49 39 21 32 20 25 44 16 45 35 11 14 35 22 21 23 31 0 23 13 41 19 44 45 33 16 27 18 31 41 43 20 25 27 40 44 7 27 34 13 14
74 12 52 54 12 48 34 16 67 37 67 55 27 36 56 34 13 44 54 23 0 35 61 41 64 66 54 9 48 38 44 45 62 40 3 41 62 52 18 49 44 34 15
40 46 47 39 31 33 25 33 32 6 34 24 13 4 23 19 33 11 21 13 35 0 29 12 32 33 22 27 15 16 26 40 32 18 37 21 28 41 18 15 30 11 23
14 73 48 57 54 53 51 54 13 25 8 8 35 27 9 31 61 18 24 41 61 29 0 32 4 9 8 53 15 40 27 45 6 41 64 25 15 39 45 15 32 37 47
39 51 58 29 40 23 20 42 30 15 34 29 23 14 24 30 36 17 14 19 41 12 32 0 35 32 25 34 19 9 36 52 36 10 43 31 25 51 25 18 41 8 32
13 76 49 60 57 56 54 57 14 28 7 10 38 30 11 34 65 22 26 44 64 32 4 35 0 9 11 56 18 43 29 46 6 44 67 27 16 40 48 18 33 41 50
8 78 56 55 60 52 52 61 6 29 3 16 40 31 10 38 65 22 21 45 66 33 9 32 9 0 13 58 19 40 35 53 13 41 68 33 10 47 49 18 40 39 53
20 66 46 51 48 47 44 48 16 18 13 6 28 19 5 26 54 11 19 33 54 22 8 25 11 13 0 46 7 32 24 42 12 34 56 21 14 37 38 8 29 30 40
66 20 46 51 8 44 31 13 59 29 58 46 18 28 48 26 15 36 47 16 9 27 53 34 56 58 46 0 39 32 36 39 54 35 12 33 54 45 10 40 37 28 7
27 59 45 47 42 42 38 43 20 11 20 11 22 13 9 22 47 4 17 27 48 15 15 19 18 19 7 39 0 27 22 40 18 28 50 18 17 37 31 3 27 24 34
47 47 63 23 39 17 12 42 38 21 42 37 26 19 32 34 31 24 21 18 38 16 40 9 43 40 32 32 27 0 42 56 44 3 39 37 32 57 24 26 46 6 31
41 55 24 64 34 58 49 32 38 21 34 20 21 23 28 11 49 22 39 31 44 26 27 36 29 35 24 36 22 42 0 19 24 44 47 5 37 16 31 24 6 36 29
58 54 8 78 34 72 61 29 57 37 52 38 31 38 46 22 53 39 56 41 45 40 45 52 46 53 42 39 40 56 19 0 41 58 48 23 55 10 39 42 14 50 33
18 74 44 62 54 58 55 54 19 27 12 8 36 29 13 30 63 21 29 43 62 32 6 36 6 13 12 54 18 44 24 41 0 45 65 24 20 35 46 18 28 41 48
48 49 65 21 41 15 12 44 38 23 42 38 28 21 33 37 32 25 21 20 40 18 41 10 44 41 34 35 28 3 44 58 45 0 41 39 32 59 26 27 48 9 33
76 10 55 54 15 48 34 19 69 39 69 57 29 38 58 37 11 46 56 25 3 37 64 43 67 68 56 12 50 39 47 48 65 41 0 44 64 55 20 51 47 35 18
39 52 28 59 32 53 45 31 36 16 32 18 17 18 25 8 45 17 34 27 41 21 25 31 27 33 21 33 18 37 5 23 24 39 44 0 34 21 28 20 10 31 26
16 73 59 46 57 43 44 58 6 26 12 19 38 27 10 38 59 19 13 40 62 28 15 25 16 10 14 54 17 32 37 55 20 32 64 34 0 51 45 15 42 32 49
51 61 9 79 41 73 64 37 51 37 46 33 34 38 42 23 59 37 54 44 52 41 39 51 40 47 37 45 37 57 16 10 35 59 55 21 51 0 43 39 11 51 39
57 29 47 44 16 37 24 19 50 20 50 39 12 19 39 22 18 27 37 7 18 18 45 25 48 49 38 10 31 24 31 39 46 26 20 28 45 43 0 32 34 18 8
26 60 48 45 43 40 37 44 19 12 19 12 23 13 8 24 47 5 15 27 49 15 15 18 18 18 8 40 3 26 24 42 18 27 51 20 15 39 32 0 30 23 35
45 55 18 69 34 63 53 31 44 26 39 24 24 27 33 13 51 27 44 34 44 30 32 41 33 40 29 37 27 46 6 14 28 48 47 10 42 11 34 30 0 41 31
47 44 57 29 34 22 15 37 37 16 40 34 20 14 30 29 28 20 22 13 34 11 37 8 41 39 30 28 24 6 36 50 41 9 35 31 32 51 18 23 41 0 26
60 27 41 51 9 45 32 12 53 24 53 40 13 23 43 19 21 31 43 14 15 23 47 32 50 53 40 7 34 31 29 33 48 33 18 26 49 39 8 35 31 26 0
